input size: torch.Size([1, 16, 4]) - Output size: torch.Size([1, 184]) - Samples: 3800
tensor([[[ 0.,  0.,  0., 42.],
         [ 0.,  0.,  0., 42.],
         [ 0.,  0.,  0., 42.],
         ...,
         [ 0.,  0.,  0., 49.],
         [ 0.,  0.,  0., 49.],
         [ 0.,  0.,  0., 49.]],

        [[ 0.,  0.,  0., 42.],
         [ 0.,  0.,  0., 42.],
         [ 0.,  0.,  0., 42.],
         ...,
         [ 0.,  0.,  0., 49.],
         [ 0.,  0.,  0., 49.],
         [ 0.,  0.,  0., 49.]],

        [[ 0.,  0.,  0., 42.],
         [ 0.,  0.,  0., 42.],
         [ 0.,  0.,  0., 42.],
         ...,
         [ 0.,  0.,  0., 49.],
         [ 0.,  0.,  0., 49.],
         [ 0.,  0.,  0., 49.]],

        ...,

        [[ 0., 56., 53., 49.],
         [ 0., 59., 53., 49.],
         [ 0., 59., 53., 49.],
         ...,
         [ 0.,  0., 49.,  0.],
         [ 0.,  0., 49.,  0.],
         [ 0.,  0., 51.,  0.]],

        [[ 0., 59., 53., 49.],
         [ 0., 59., 53., 49.],
         [ 0., 57., 54., 42.],
         ...,
         [ 0.,  0., 49.,  0.],
         [ 0.,  0., 51.,  0.],
         [ 0.,  0., 51.,  0.]],

        [[ 0., 59., 53., 49.],
         [ 0., 57., 54., 42.],
         [ 0., 57., 54., 42.],
         ...,
         [ 0.,  0., 51.,  0.],
         [ 0.,  0., 51.,  0.],
         [ 0.,  0., 54.,  0.]]])
tensor([[1., 0., 0.,  ..., 0., 0., 0.],
        [1., 0., 0.,  ..., 0., 0., 0.],
        [1., 0., 0.,  ..., 0., 0., 0.],
        ...,
        [1., 0., 0.,  ..., 0., 0., 0.],
        [1., 0., 0.,  ..., 0., 0., 0.],
        [1., 0., 0.,  ..., 0., 0., 0.]])
